pos[0] = 2.637064 4.937003 3.298955
pos[1] = 2.751310 4.906527 3.282056
pos[2] = 2.881611 4.918593 3.298363
pos[3] = 3.021516 4.906503 3.285223
pos[4] = 3.135581 4.956569 3.320745
pos[5] = 2.615288 5.075944 3.284237
pos[6] = 2.756220 5.043534 3.227263
pos[7] = 2.867355 5.094160 3.281436
pos[8] = 3.005047 5.055998 3.253451
pos[9] = 3.128155 5.084059 3.294996
pos[10] = 2.666888 5.151010 3.287434
pos[11] = 2.735606 5.169433 3.278360
pos[12] = 2.861701 5.119222 3.277371
pos[13] = 3.058592 5.163326 3.277371
pos[14] = 3.077093 5.155437 3.279277
pos[15] = 2.675214 5.408798 3.269694
pos[16] = 2.785901 5.310451 3.264766
pos[17] = 2.882481 5.333816 3.265830
pos[18] = 2.984272 5.297520 3.263804
pos[19] = 3.091144 5.396253 3.266120
pos[20] = 2.675012 5.408578 3.269704
pos[21] = 2.679353 5.411876 3.269512
pos[22] = 2.882481 5.333816 3.265830
pos[23] = 3.072011 5.409594 3.265764
pos[24] = 3.091175 5.396161 3.266125
pos[25] = 2.635623 4.935740 3.379794
pos[26] = 2.765953 4.917200 3.396131
pos[27] = 2.886956 4.925953 3.355153
pos[28] = 3.036927 4.921996 3.379630
pos[29] = 3.114219 4.939684 3.362575
pos[30] = 2.627060 5.047550 3.387726
pos[31] = 2.741339 5.033922 3.403421
